$imu;0.234644;0.320839;9.218147;0.008522;0.007457;-0.003196;15.794547;38.383201;38.348640;67.633010
$gps;091657.000;A;15.456113815307617;73.802101135253906;0.39;0.00
$imu;0.249010;0.316051;9.184626;0.005326;0.004261;0.000000;13.842411;36.791271;38.519081;69.381607
$imu;0.215489;0.368726;9.141529;0.010653;0.006392;-0.002131;13.842411;37.498794;37.496448;69.738739
$gps;091659.396;A;15.456099510192871;73.802078247070312;1.24;116.94
$imu;0.239432;0.339994;9.208569;0.011718;0.006392;-0.004261;14.019879;38.029438;38.007766;69.763160
$imu;0.239432;0.349571;9.189414;0.006392;0.006392;-0.006392;15.084679;37.675674;39.712150;68.179702
$gps;091659.540;A;15.456121444702148;73.802101135253906;1.03;161.13
$gps;091701.000;A;15.456131935119628;73.802078247070312;0.15;161.13
$imu;0.239432;0.359149;9.122374;0.007457;0.004261;-0.001065;14.374812;38.029438;37.326011;69.293823
$imu;0.263376;0.330417;9.127162;0.010653;0.009588;-0.001065;15.262146;37.852558;37.837326;68.040718
$gps;091702.885;A;15.456142425537109;73.802101135253906;0.46;0.00
$imu;0.268164;0.359149;9.213358;0.008522;0.005326;-0.005326;12.777611;38.206317;38.519081;71.508148
$gps;091703.029;A;15.456133842468261;73.802101135253906;0.50;0.00
$imu;0.239432;0.363937;9.175049;0.012783;0.006392;-0.005326;13.664945;36.614387;38.348640;69.533798
$imu;0.196335;0.316051;9.242090;0.013849;0.010653;-0.002131;14.552279;38.206317;40.564342;69.148826
$gps;091705.000;A;15.456121444702148;73.802093505859375;0.27;0.00
$gps;091706.000;A;15.456135749816894;73.802078247070312;0.50;0.00
$imu;0.263376;0.325628;9.184626;0.011718;0.004261;0.000000;14.729745;36.968151;39.030395;68.275474
$gps;091707.000;A;15.456126213073730;73.802078247070312;0.29;0.00
$imu;0.225066;0.311262;9.251667;0.003196;0.004261;-0.001065;14.197345;37.145030;38.519081;69.082458
$gps;091708.000;A;15.456128120422363;73.802093505859375;0.62;198.90